0,0,0,0,0,0,0,0,1664,1814,1630,1520,1716,1805,1772,1855,
0,0,0,0,0,0,0,0,1678,1827,1595,1462,1664,1720,1711,1755,
0,0,0,0,0,0,0,0,1673,1830,1615,1509,1689,1779,1736,1809,
0,0,0,0,0,0,0,0,1661,1835,1569,1462,1646,1723,1700,1770,
0,0,0,0,0,0,0,0,1685,1866,1625,1541,1707,1818,1763,1863,
0,0,0,0,0,0,0,0,1688,1844,1598,1488,1652,1731,1684,1733,
0,0,0,0,0,0,0,0,1672,1809,1607,1484,1663,1735,1694,1737,
0,0,0,0,0,0,0,0,1817,1942,1737,1554,1804,1827,1849,1861,
0,0,0,0,0,0,0,0,1752,1860,1696,1533,1748,1790,1774,1786,
0,0,0,0,0,0,0,0,1732,1825,1647,1460,1682,1692,1696,1668,
0,0,0,0,0,0,0,0,1683,1716,1637,1423,1646,1635,1634,1564,
0,0,0,0,0,0,0,0,1728,1804,1622,1434,1618,1623,1601,1537,
0,0,0,0,0,0,0,0,1741,1715,1685,1450,1617,1595,1537,1390,
0,0,0,0,0,0,0,0,1769,1815,1647,1479,1570,1603,1486,1379,
0,0,0,0,0,0,0,0,1739,1737,1633,1469,1498,1538,1359,1205,
0,0,0,0,0,0,0,0,1753,1731,1656,1472,1517,1541,1375,1205,
0,0,0,0,0,0,0,0,1655,1762,1485,1464,1336,1493,1189,1128,
0,0,0,0,0,0,0,0,1671,1720,1523,1444,1360,1468,1202,1089,
0,0,0,0,0,0,0,0,1716,1846,1518,1538,1340,1545,1164,1113,
0,0,0,0,0,0,0,0,1578,1661,1397,1350,1242,1363,1089,991,
0,0,0,0,0,0,0,0,1639,1788,1441,1481,1279,1491,1123,1101,
0,0,0,0,0,0,0,0,1633,1751,1405,1357,1259,1372,1121,1031,
0,0,0,0,0,0,0,0,1668,1820,1429,1381,1317,1426,1211,1151,
0,0,0,0,0,0,0,0,1675,1771,1448,1379,1288,1386,1134,1016,
0,0,0,0,0,0,0,0,1637,1773,1425,1428,1270,1439,1122,1073,
0,0,0,0,0,0,0,0,1572,1690,1359,1304,1238,1338,1120,1040,
0,0,0,0,0,0,0,0,1589,1737,1344,1287,1240,1324,1152,1097,
0,0,0,0,0,0,0,0,1562,1679,1311,1264,1158,1253,1022,931,
0,0,0,0,0,0,0,0,1491,1669,1216,1186,1122,1214,1043,1005,
0,0,0,0,0,0,0,0,1421,1612,1143,1178,1017,1170,910,900,
0,0,0,0,0,0,0,0,1337,1561,1041,1084,951,1090,884,910,
0,0,0,0,0,0,0,0,1315,1514,1034,1066,934,1068,850,851,
0,0,0,0,0,0,0,0,1356,1569,1088,1130,998,1146,929,958,
0,0,0,0,0,0,0,0,1367,1553,1081,1078,985,1088,904,878,
0,0,0,0,0,0,0,0,1385,1579,1132,1180,1018,1187,919,928,
0,0,0,0,0,0,0,0,1411,1593,1142,1166,1022,1164,919,905,
0,0,0,0,0,0,0,0,1423,1633,1156,1217,1040,1223,939,958,
0,0,0,0,0,0,0,0,1360,1561,1101,1153,997,1165,903,916,
0,0,0,0,0,0,0,0,1371,1568,1102,1124,1010,1145,928,923,
0,0,0,0,0,0,0,0,1414,1621,1116,1117,1029,1138,958,944,
0,0,0,0,0,0,0,0,1313,1549,1039,1096,970,1128,912,956,
0,0,0,0,0,0,0,0,1329,1595,1018,1077,963,1112,926,987,
0,0,0,0,0,0,0,0,1311,1510,1027,1028,954,1051,896,889,
0,0,0,0,0,0,0,0,1293,1506,977,937,938,977,919,906,
0,0,0,0,0,0,0,0,1291,1526,995,1017,946,1055,916,950,
0,0,0,0,0,0,0,0,1268,1552,944,994,917,1042,911,984,
0,0,0,0,0,0,0,0,1150,1447,845,908,853,978,875,979,
0,0,0,0,0,0,0,0,1157,1460,814,868,812,918,831,922,
0,0,0,0,0,0,0,0,1128,1446,807,880,827,954,863,983,
0,0,0,0,0,0,0,0,1160,1437,852,905,838,957,841,919,
0,0,0,0,0,0,0,0,1096,1374,818,892,815,954,825,929,
0,0,0,0,0,0,0,0,1149,1369,855,858,820,891,802,819,
0,0,0,0,0,0,0,0,1058,1314,787,829,792,895,807,884,
0,0,0,0,0,0,0,0,1051,1301,782,794,806,875,840,907,
0,0,0,0,0,0,0,0,991,1261,722,775,746,851,778,874,
0,0,0,0,0,0,0,0,990,1239,753,818,758,886,770,866,
0,0,0,0,0,0,0,0,925,1139,726,782,726,848,726,803,
0,0,0,0,0,0,0,0,939,1130,773,799,786,886,797,863,
0,0,0,0,0,0,0,0,921,1096,748,769,743,835,738,783,
0,0,0,0,0,0,0,0,789,993,628,667,670,763,704,791,
0,0,0,0,0,0,0,0,834,974,711,717,717,797,716,756,
0,0,0,0,0,0,0,0,912,1104,752,775,777,872,796,865,
0,0,0,0,0,0,0,0,787,929,658,652,676,732,689,727,
0,0,0,0,0,0,0,0,797,941,678,684,695,768,704,751,
0,0,0,0,0,0,0,0,786,965,642,680,662,759,677,751,
0,0,0,0,0,0,0,0,789,975,631,649,669,742,701,769,
0,0,0,0,0,0,0,0,791,985,613,640,638,715,663,732,
0,0,0,0,0,0,0,0,828,987,643,622,655,685,672,695,
0,0,0,0,0,0,0,0,830,1013,651,684,653,743,658,716,
0,0,0,0,0,0,0,0,825,989,670,656,704,745,735,783,
0,0,0,0,0,0,0,0,895,1021,763,766,738,822,708,722,
0,0,0,0,0,0,0,0,1034,1096,919,851,868,905,811,754,
0,0,0,0,0,0,0,0,1069,1155,879,776,834,815,798,721,
0,0,0,0,0,0,0,0,1258,1414,1005,949,949,987,905,862,
0,0,0,0,0,0,0,0,1324,1493,1005,904,956,936,928,855,
0,0,0,0,0,0,0,0,1366,1549,1041,958,985,987,953,894,
0,0,0,0,0,0,0,0,1321,1516,968,859,937,897,933,867,
0,0,0,0,0,0,0,0,1370,1573,1046,1004,980,1028,935,901,
0,0,0,0,0,0,0,0,1426,1595,1113,1026,1041,1055,987,910,
0,0,0,0,0,0,0,0,1491,1656,1178,1064,1116,1108,1071,982,
0,0,0,0,0,0,0,0,1394,1552,1094,987,1038,1027,1001,924,
0,0,0,0,0,0,0,0,1387,1560,1074,962,1033,1011,1010,938,
0,0,0,0,0,0,0,0,1388,1499,1130,1007,1050,1036,987,878,
0,0,0,0,0,0,0,0,1318,1467,1068,977,1027,1036,995,937,
0,0,0,0,0,0,0,0,1376,1569,1083,1033,1030,1080,987,951,
0,0,0,0,0,0,0,0,1359,1508,1064,904,1049,976,1047,950,
0,0,0,0,0,0,0,0,1374,1526,1088,983,1035,1028,995,915,
0,0,0,0,0,0,0,0,1382,1510,1097,949,1049,997,1016,905,
0,0,0,0,0,0,0,0,1366,1535,1082,1016,1020,1054,970,915,
0,0,0,0,0,0,0,0,1372,1512,1106,1005,1045,1049,995,914,
0,0,0,0,0,0,0,0,1471,1613,1178,1073,1095,1101,1028,930,
0,0,0,0,0,0,0,0,1318,1439,1062,909,1034,975,1014,910,
0,0,0,0,0,0,0,0,1446,1565,1176,1056,1091,1085,1020,908,
0,0,0,0,0,0,0,0,1460,1521,1252,1110,1146,1138,1048,905,
0,0,0,0,0,0,0,0,1631,1646,1426,1202,1315,1247,1212,1007,
0,0,0,0,0,0,0,0,1635,1707,1397,1229,1287,1267,1186,1023,
0,0,0,0,0,0,0,0,1539,1593,1318,1175,1185,1184,1067,910,
0,0,0,0,0,0,0,0,1617,1686,1359,1204,1222,1209,1105,937,
0,0,0,0,0,0,0,0,1533,1624,1295,1182,1180,1204,1074,949,
0,0,0,0,0,0,0,0,1562,1583,1369,1199,1231,1217,1102,916,
0,0,0,0,0,0,0,0,1686,1712,1475,1284,1341,1316,1217,1029,
0,0,0,0,0,0,0,0,1598,1654,1396,1252,1275,1287,1159,1009,
0,0,0,0,0,0,0,0,1721,1752,1491,1295,1348,1317,1217,1014,
0,0,0,0,0,0,0,0,1734,1760,1525,1337,1382,1368,1249,1060,
0,0,0,0,0,0,0,0,1787,1805,1544,1316,1394,1332,1259,1026,
0,0,0,0,0,0,0,0,1813,1805,1621,1415,1446,1430,1279,1048,
0,0,0,0,0,0,0,0,1804,1824,1565,1354,1404,1364,1260,1037,
0,0,0,0,0,0,0,0,1756,1694,1610,1360,1443,1388,1282,1025,
0,0,0,0,0,0,0,0,1883,1909,1633,1402,1479,1427,1342,1114,
0,0,0,0,0,0,0,0,1837,1792,1654,1381,1493,1412,1342,1072,
0,0,0,0,0,0,0,0,1804,1759,1629,1373,1463,1399,1306,1046,
0,0,0,0,0,0,0,0,1823,1797,1638,1410,1464,1427,1300,1058,
0,0,0,0,0,0,0,0,1775,1815,1556,1380,1407,1408,1265,1074,
0,0,0,0,0,0,0,0,1759,1782,1549,1338,1417,1382,1292,1088,
0,0,0,0,0,0,0,0,1747,1753,1545,1339,1392,1366,1248,1030,
0,0,0,0,0,0,0,0,1795,1790,1594,1361,1447,1397,1308,1079,
0,0,0,0,0,0,0,0,1782,1778,1588,1371,1436,1404,1290,1068,
0,0,0,0,0,0,0,0,1797,1801,1587,1370,1431,1395,1285,1060,
0,0,0,0,0,0,0,0,1819,1834,1613,1428,1443,1446,1282,1073,
0,0,0,0,0,0,0,0,1851,1858,1651,1415,1517,1469,1391,1176,
0,0,0,0,0,0,0,0,1874,1886,1655,1424,1508,1464,1373,1154,
0,0,0,0,0,0,0,0,1808,1786,1626,1371,1488,1422,1357,1123,
0,0,0,0,0,0,0,0,1800,1775,1632,1366,1511,1434,1396,1170,
0,0,0,0,0,0,0,0,1805,1807,1630,1387,1518,1462,1413,1215,
0,0,0,0,0,0,0,0,1830,1903,1675,1453,1651,1617,1628,1530,
0,0,0,0,0,0,0,0,1808,1971,1672,1528,1718,1763,1753,1779,
0,0,0,0,0,0,0,0,1856,2020,1744,1636,1769,1868,1778,1819,
0,0,0,0,0,0,0,0,1847,1985,1724,1574,1747,1798,1754,1752,
0,0,0,0,0,0,0,0,1843,1981,1761,1649,1776,1880,1771,1800,
0,0,0,0,0,0,0,0,1866,2016,1743,1611,1762,1835,1768,1784,
0,0,0,0,0,0,0,0,1835,2025,1710,1609,1759,1856,1788,1847,
0,0,0,0,0,0,0,0,1839,2001,1728,1611,1760,1847,1774,1808,
0,0,0,0,0,0,0,0,1748,1796,1741,1505,1811,1792,1855,1833,
0,0,0,0,0,0,0,0,1672,1734,1609,1377,1664,1622,1705,1666,
0,0,0,0,0,0,0,0,1643,1596,1623,1290,1657,1525,1671,1529,
0,0,0,0,0,0,0,0,1626,1514,1561,1115,1578,1314,1587,1334,
0,0,0,0,0,0,0,0,1611,1421,1605,1096,1614,1302,1613,1308,
0,0,0,0,0,0,0,0,1496,1307,1498,1029,1495,1212,1480,1188,
0,0,0,0,0,0,0,0,1484,1267,1489,966,1500,1161,1499,1174,
0,0,0,0,0,0,0,0,1489,1302,1484,1029,1465,1196,1432,1132,
0,0,0,0,0,0,0,0,1448,1305,1445,1051,1439,1228,1418,1180,
0,0,0,0,0,0,0,0,1472,1329,1461,1080,1432,1235,1390,1144,
0,0,0,0,0,0,0,0,1533,1365,1516,1059,1511,1240,1493,1207,
0,0,0,0,0,0,0,0,1579,1448,1582,1171,1596,1381,1594,1372,
0,0,0,0,0,0,0,0,1645,1531,1608,1183,1623,1393,1625,1392,
0,0,0,0,0,0,0,0,1624,1482,1596,1141,1608,1345,1608,1347,
0,0,0,0,0,0,0,0,1684,1496,1697,1222,1680,1420,1650,1355,
0,0,0,0,0,0,0,0,1566,1424,1591,1164,1621,1397,1630,1408,
0,0,0,0,0,0,0,0,1645,1398,1672,1133,1651,1326,1616,1262,
0,0,0,0,0,0,0,0,1563,1402,1541,1076,1545,1268,1539,1260,
0,0,0,0,0,0,0,0,1581,1327,1601,1046,1586,1232,1559,1192,
0,0,0,0,0,0,0,0,1504,1338,1506,1052,1515,1249,1510,1238,
0,0,0,0,0,0,0,0,1574,1362,1575,1031,1596,1244,1604,1275,
0,0,0,0,0,0,0,0,1499,1294,1513,1014,1518,1207,1508,1195,
0,0,0,0,0,0,0,0,1452,1286,1448,1032,1429,1193,1397,1130,
0,0,0,0,0,0,0,0,1486,1338,1474,1070,1455,1235,1425,1171,
0,0,0,0,0,0,0,0,1548,1362,1559,1134,1520,1297,1467,1186,
0,0,0,0,0,0,0,0,1505,1397,1482,1142,1452,1299,1408,1193,
0,0,0,0,0,0,0,0,1538,1357,1561,1123,1548,1312,1519,1250,
0,0,0,0,0,0,0,0,1492,1326,1534,1102,1556,1322,1557,1320,
0,0,0,0,0,0,0,0,1610,1531,1618,1315,1602,1509,1565,1404,
0,0,0,0,0,0,0,0,1564,1584,1534,1261,1605,1518,1655,1588,
0,0,0,0,0,0,0,0,1645,1669,1620,1394,1648,1625,1653,1593,
0,0,0,0,0,0,0,0,1798,1873,1709,1441,1783,1712,1839,1790,
0,0,0,0,0,0,0,0,1752,1922,1677,1583,1737,1845,1773,1851,
0,0,0,0,0,0,0,0,1757,1908,1698,1589,1757,1855,1792,1860,
0,0,0,0,0,0,0,0,1805,1937,1763,1632,1821,1909,1852,1905,
0,0,0,0,0,0,0,0,1799,2000,1689,1585,1772,1862,1836,1927,
0,0,0,0,0,0,0,0,1799,1964,1694,1556,1762,1821,1810,1858,
0,0,0,0,0,0,0,0,1786,1884,1710,1494,1778,1763,1828,1815,
0,0,0,0,0,0,0,0,1625,1665,1597,1330,1686,1612,1753,1713,
0,0,0,0,0,0,0,0,1611,1587,1613,1253,1720,1555,1802,1701,
0,0,0,0,0,0,0,0,1651,1425,1717,1178,1751,1435,1762,1462,
0,0,0,0,0,0,0,0,1534,1258,1598,1021,1613,1243,1607,1249,
0,0,0,0,0,0,0,0,1505,1256,1539,982,1554,1191,1557,1219,
0,0,0,0,0,0,0,0,1309,1125,1309,840,1330,1020,1342,1060,
