0,0,0,0,0,0,0,0,1750,1893,1691,1558,1759,1829,1803,1857,
0,0,0,0,0,0,0,0,1697,1814,1628,1418,1732,1712,1812,1826,
0,0,0,0,0,0,0,0,1798,1894,1742,1555,1792,1816,1818,1814,
0,0,0,0,0,0,0,0,1760,1881,1686,1518,1745,1778,1784,1799,
0,0,0,0,0,0,0,0,1773,1835,1749,1553,1784,1807,1793,1768,
0,0,0,0,0,0,0,0,1745,1848,1698,1508,1774,1789,1826,1840,
0,0,0,0,0,0,0,0,1824,1893,1797,1593,1844,1865,1866,1851,
0,0,0,0,0,0,0,0,1802,1895,1742,1539,1800,1807,1836,1827,
0,0,0,0,0,0,0,0,1802,1933,1759,1612,1829,1900,1873,1922,
0,0,0,0,0,0,0,0,1841,1885,1817,1573,1867,1850,1892,1848,
0,0,0,0,0,0,0,0,1747,1850,1730,1537,1831,1852,1900,1934,
0,0,0,0,0,0,0,0,1791,1861,1780,1564,1852,1859,1895,1891,
0,0,0,0,0,0,0,0,1722,1805,1663,1440,1735,1711,1784,1762,
0,0,0,0,0,0,0,0,1597,1705,1560,1369,1666,1662,1746,1774,
0,0,0,0,0,0,0,0,1579,1612,1560,1283,1662,1574,1738,1697,
0,0,0,0,0,0,0,0,1539,1607,1490,1265,1575,1526,1635,1610,
0,0,0,0,0,0,0,0,1506,1449,1492,1156,1536,1383,1560,1413,
0,0,0,0,0,0,0,0,1435,1374,1445,1079,1533,1344,1595,1457,
0,0,0,0,0,0,0,0,1255,1247,1248,990,1321,1214,1371,1294,
0,0,0,0,0,0,0,0,1121,1130,1082,842,1155,1040,1209,1130,
0,0,0,0,0,0,0,0,1094,1129,1058,896,1099,1065,1123,1085,
0,0,0,0,0,0,0,0,982,1078,912,796,986,969,1040,1048,
0,0,0,0,0,0,0,0,803,939,777,719,905,934,1008,1108,
0,0,0,0,0,0,0,0,809,930,757,672,868,863,957,1013,
0,0,0,0,0,0,0,0,762,887,697,657,774,809,831,891,
0,0,0,0,0,0,0,0,668,875,578,616,688,779,778,921,
0,0,0,0,0,0,0,0,722,961,590,661,680,801,756,909,
0,0,0,0,0,0,0,0,589,857,475,602,578,744,663,865,
0,0,0,0,0,0,0,0,630,881,498,579,605,723,697,865,
0,0,0,0,0,0,0,0,589,851,476,611,567,743,640,839,
0,0,0,0,0,0,0,0,626,899,506,650,595,782,669,879,
0,0,0,0,0,0,0,0,612,872,485,620,559,734,624,817,
0,0,0,0,0,0,0,0,591,867,477,624,576,762,658,874,
0,0,0,0,0,0,0,0,651,873,508,598,555,687,595,728,
0,0,0,0,0,0,0,0,564,804,445,548,532,671,604,772,
0,0,0,0,0,0,0,0,609,857,465,558,549,677,621,778,
0,0,0,0,0,0,0,0,571,805,456,551,545,676,619,782,
0,0,0,0,0,0,0,0,632,846,508,570,584,688,648,778,
0,0,0,0,0,0,0,0,622,890,507,625,613,773,702,902,
0,0,0,0,0,0,0,0,797,964,682,691,731,807,767,840,
0,0,0,0,0,0,0,0,869,990,781,725,835,862,878,916,
0,0,0,0,0,0,0,0,993,1121,884,773,972,950,1048,1077,
0,0,0,0,0,0,0,0,1115,1220,1037,892,1129,1097,1203,1219,
0,0,0,0,0,0,0,0,1250,1404,1168,1026,1306,1289,1424,1492,
0,0,0,0,0,0,0,0,1247,1364,1207,1058,1329,1319,1427,1480,
0,0,0,0,0,0,0,0,1336,1539,1247,1168,1378,1435,1491,1615,
0,0,0,0,0,0,0,0,1376,1486,1364,1213,1483,1495,1574,1635,
0,0,0,0,0,0,0,0,1471,1575,1456,1304,1555,1582,1626,1676,
0,0,0,0,0,0,0,0,1608,1700,1559,1340,1662,1626,1741,1744,
0,0,0,0,0,0,0,0,1620,1776,1558,1421,1662,1708,1741,1811,
0,0,0,0,0,0,0,0,1697,1828,1616,1432,1705,1710,1771,1792,
0,0,0,0,0,0,0,0,1705,1843,1652,1491,1750,1786,1822,1875,
0,0,0,0,0,0,0,0,1813,1972,1733,1608,1794,1877,1833,1890,
0,0,0,0,0,0,0,0,1793,1925,1723,1540,1812,1834,1877,1910,
0,0,0,0,0,0,0,0,1757,1960,1683,1583,1793,1890,1880,2000,
0,0,0,0,0,0,0,0,1807,1976,1692,1520,1787,1807,1862,1904,
0,0,0,0,0,0,0,0,1825,1929,1739,1523,1801,1787,1847,1831,
0,0,0,0,0,0,0,0,1802,2001,1666,1504,1777,1800,1867,1925,
0,0,0,0,0,0,0,0,1774,1916,1670,1499,1738,1759,1790,1811,
0,0,0,0,0,0,0,0,1726,1887,1632,1472,1730,1757,1808,1860,
0,0,0,0,0,0,0,0,1765,2002,1639,1606,1697,1854,1738,1860,
0,0,0,0,0,0,0,0,1803,1945,1709,1551,1769,1811,1811,1839,
0,0,0,0,0,0,0,0,1867,1971,1790,1603,1828,1855,1850,1845,
0,0,0,0,0,0,0,0,1834,1992,1725,1580,1781,1837,1819,1854,
0,0,0,0,0,0,0,0,1888,1959,1809,1604,1815,1830,1804,1753,
0,0,0,0,0,0,0,0,1841,1859,1721,1455,1688,1627,1644,1499,
0,0,0,0,0,0,0,0,1719,1811,1617,1524,1552,1658,1472,1428,
0,0,0,0,0,0,0,0,1898,1964,1764,1644,1645,1742,1522,1427,
0,0,0,0,0,0,0,0,1815,1861,1675,1495,1586,1605,1499,1382,
0,0,0,0,0,0,0,0,1896,1873,1736,1435,1644,1546,1554,1332,
0,0,0,0,0,0,0,0,1732,1700,1570,1285,1467,1360,1369,1135,
0,0,0,0,0,0,0,0,1754,1791,1548,1320,1456,1399,1366,1180,
0,0,0,0,0,0,0,0,1863,1898,1608,1375,1465,1403,1339,1113,
0,0,0,0,0,0,0,0,1820,1793,1611,1302,1492,1360,1386,1121,
0,0,0,0,0,0,0,0,1873,1876,1622,1341,1482,1374,1364,1108,
0,0,0,0,0,0,0,0,1861,1774,1693,1349,1548,1400,1417,1113,
0,0,0,0,0,0,0,0,1860,1850,1623,1369,1452,1378,1305,1050,
0,0,0,0,0,0,0,0,1946,1864,1748,1402,1580,1432,1432,1114,
0,0,0,0,0,0,0,0,1947,1897,1758,1471,1587,1506,1425,1143,
0,0,0,0,0,0,0,0,1897,1852,1688,1372,1542,1414,1410,1121,
0,0,0,0,0,0,0,0,1879,1797,1719,1389,1570,1442,1432,1135,
0,0,0,0,0,0,0,0,1864,1774,1727,1418,1566,1466,1412,1123,
0,0,0,0,0,0,0,0,1933,1855,1764,1418,1625,1485,1494,1194,
0,0,0,0,0,0,0,0,1872,1822,1695,1396,1553,1451,1421,1153,
0,0,0,0,0,0,0,0,1889,1826,1698,1333,1588,1412,1491,1198,
0,0,0,0,0,0,0,0,1838,1793,1640,1292,1539,1370,1453,1183,
0,0,0,0,0,0,0,0,1746,1661,1599,1218,1523,1325,1453,1172,
0,0,0,0,0,0,0,0,1806,1746,1626,1257,1540,1351,1464,1183,
0,0,0,0,0,0,0,0,1762,1756,1546,1194,1497,1307,1458,1215,
0,0,0,0,0,0,0,0,1757,1675,1590,1199,1510,1293,1442,1149,
0,0,0,0,0,0,0,0,1711,1688,1509,1161,1452,1263,1406,1161,
0,0,0,0,0,0,0,0,1643,1598,1449,1060,1411,1171,1387,1123,
0,0,0,0,0,0,0,0,1751,1667,1578,1158,1516,1267,1462,1152,
0,0,0,0,0,0,0,0,1716,1657,1541,1154,1485,1263,1438,1161,
0,0,0,0,0,0,0,0,1802,1714,1617,1208,1526,1293,1453,1142,
0,0,0,0,0,0,0,0,1744,1698,1549,1201,1461,1279,1383,1109,
0,0,0,0,0,0,0,0,1805,1731,1607,1199,1523,1288,1452,1137,
0,0,0,0,0,0,0,0,1738,1739,1510,1140,1483,1265,1464,1218,
0,0,0,0,0,0,0,0,1819,1715,1655,1221,1576,1327,1506,1178,
0,0,0,0,0,0,0,0,1787,1736,1595,1172,1568,1314,1548,1269,
0,0,0,0,0,0,0,0,1722,1598,1591,1156,1519,1264,1455,1132,
0,0,0,0,0,0,0,0,1678,1647,1508,1183,1445,1287,1386,1149,
0,0,0,0,0,0,0,0,1760,1679,1598,1205,1522,1307,1455,1161,
0,0,0,0,0,0,0,0,1792,1738,1612,1283,1500,1353,1399,1127,
0,0,0,0,0,0,0,0,1850,1734,1721,1350,1592,1426,1470,1160,
0,0,0,0,0,0,0,0,1897,1818,1725,1373,1593,1439,1473,1176,
0,0,0,0,0,0,0,0,1859,1826,1689,1419,1552,1480,1420,1177,
0,0,0,0,0,0,0,0,1814,1826,1665,1465,1546,1545,1425,1252,
0,0,0,0,0,0,0,0,1987,1931,1851,1560,1708,1644,1565,1312,
0,0,0,0,0,0,0,0,2073,1999,1938,1648,1760,1712,1584,1310,
0,0,0,0,0,0,0,0,2042,1938,1904,1560,1736,1625,1573,1262,
0,0,0,0,0,0,0,0,1991,1866,1888,1528,1737,1612,1584,1270,
0,0,0,0,0,0,0,0,2027,1931,1897,1565,1736,1638,1577,1282,
0,0,0,0,0,0,0,0,1945,1786,1868,1480,1721,1569,1570,1238,
0,0,0,0,0,0,0,0,1909,1885,1777,1524,1656,1620,1532,1325,
0,0,0,0,0,0,0,0,1951,1848,1822,1435,1712,1543,1603,1301,
0,0,0,0,0,0,0,0,1955,1803,1848,1356,1781,1509,1712,1362,
0,0,0,0,0,0,0,0,1890,1741,1773,1287,1705,1425,1642,1297,
0,0,0,0,0,0,0,0,1880,1707,1794,1276,1747,1441,1700,1348,
0,0,0,0,0,0,0,0,1888,1767,1749,1253,1712,1413,1680,1347,
0,0,0,0,0,0,0,0,1832,1661,1740,1204,1715,1380,1690,1337,
0,0,0,0,0,0,0,0,1755,1690,1599,1126,1625,1320,1653,1383,
0,0,0,0,0,0,0,0,1707,1618,1571,1113,1571,1286,1571,1290,
0,0,0,0,0,0,0,0,1664,1682,1496,1150,1524,1335,1549,1373,
0,0,0,0,0,0,0,0,1748,1868,1558,1253,1662,1513,1761,1693,
0,0,0,0,0,0,0,0,1618,1717,1482,1141,1643,1450,1793,1744,
0,0,0,0,0,0,0,0,1715,1853,1500,1175,1634,1451,1767,1706,
0,0,0,0,0,0,0,0,1647,1770,1483,1172,1626,1459,1764,1725,
0,0,0,0,0,0,0,0,1663,1826,1463,1160,1628,1460,1783,1756,
0,0,0,0,0,0,0,0,1633,1737,1467,1102,1636,1411,1801,1742,
0,0,0,0,0,0,0,0,1728,1847,1540,1167,1708,1480,1871,1804,
0,0,0,0,0,0,0,0,1677,1786,1495,1106,1674,1424,1845,1767,
0,0,0,0,0,0,0,0,1733,1831,1530,1146,1668,1428,1805,1700,
0,0,0,0,0,0,0,0,1684,1834,1495,1165,1672,1481,1843,1815,
0,0,0,0,0,0,0,0,1680,1767,1526,1190,1645,1464,1757,1675,
0,0,0,0,0,0,0,0,1640,1721,1487,1145,1608,1415,1725,1642,
0,0,0,0,0,0,0,0,1616,1723,1480,1176,1620,1468,1752,1718,
0,0,0,0,0,0,0,0,1538,1705,1379,1120,1553,1426,1717,1739,
0,0,0,0,0,0,0,0,1640,1700,1488,1120,1608,1390,1723,1614,
0,0,0,0,0,0,0,0,1567,1512,1473,1045,1536,1269,1594,1388,
0,0,0,0,0,0,0,0,1523,1436,1483,1058,1545,1293,1594,1392,
0,0,0,0,0,0,0,0,1492,1305,1468,931,1509,1141,1540,1224,
0,0,0,0,0,0,0,0,1575,1372,1528,980,1531,1162,1530,1179,
0,0,0,0,0,0,0,0,1461,1230,1462,905,1480,1100,1488,1138,
0,0,0,0,0,0,0,0,1554,1323,1528,962,1525,1141,1522,1158,
0,0,0,0,0,0,0,0,1506,1303,1467,917,1485,1105,1498,1154,
0,0,0,0,0,0,0,0,1537,1330,1509,977,1509,1156,1505,1165,
0,0,0,0,0,0,0,0,1456,1173,1500,919,1499,1108,1488,1109,
0,0,0,0,0,0,0,0,1573,1373,1543,1019,1540,1202,1529,1192,
0,0,0,0,0,0,0,0,1516,1319,1484,958,1491,1141,1490,1155,
0,0,0,0,0,0,0,0,1487,1246,1489,925,1498,1117,1498,1137,
0,0,0,0,0,0,0,0,1438,1284,1396,919,1422,1109,1437,1149,
0,0,0,0,0,0,0,0,1657,1526,1556,1062,1562,1243,1564,1256,
0,0,0,0,0,0,0,0,1613,1553,1486,1071,1504,1251,1520,1281,
0,0,0,0,0,0,0,0,1698,1639,1576,1130,1618,1344,1659,1427,
0,0,0,0,0,0,0,0,1566,1637,1400,1086,1485,1311,1566,1463,
0,0,0,0,0,0,0,0,1613,1682,1468,1113,1598,1392,1716,1619,
0,0,0,0,0,0,0,0,1643,1725,1471,1139,1573,1390,1670,1572,
0,0,0,0,0,0,0,0,1614,1700,1442,1066,1595,1357,1739,1643,
0,0,0,0,0,0,0,0,1675,1801,1488,1169,1626,1452,1757,1699,
0,0,0,0,0,0,0,0,1664,1758,1476,1112,1613,1391,1746,1654,
0,0,0,0,0,0,0,0,1540,1666,1375,1063,1537,1354,1691,1655,
0,0,0,0,0,0,0,0,1622,1685,1478,1096,1623,1390,1754,1647,
0,0,0,0,0,0,0,0,1622,1721,1486,1170,1624,1460,1753,1703,
0,0,0,0,0,0,0,0,1576,1681,1423,1103,1569,1389,1705,1654,
0,0,0,0,0,0,0,0,1474,1527,1345,1021,1452,1266,1549,1453,
0,0,0,0,0,0,0,0,1480,1468,1362,956,1462,1198,1549,1375,
0,0,0,0,0,0,0,0,1472,1360,1383,924,1413,1106,1440,1170,
0,0,0,0,0,0,0,0,1483,1340,1415,896,1471,1110,1520,1228,
0,0,0,0,0,0,0,0,1433,1315,1346,858,1401,1059,1450,1174,
0,0,0,0,0,0,0,0,1438,1375,1331,940,1357,1111,1381,1161,
0,0,0,0,0,0,0,0,1423,1285,1353,878,1380,1056,1403,1117,
0,0,0,0,0,0,0,0,1436,1298,1379,911,1408,1096,1428,1150,
0,0,0,0,0,0,0,0,1491,1367,1398,949,1397,1104,1394,1107,
0,0,0,0,0,0,0,0,1424,1321,1346,933,1361,1101,1370,1123,
0,0,0,0,0,0,0,0,1436,1330,1371,936,1409,1130,1437,1194,
0,0,0,0,0,0,0,0,1449,1428,1323,999,1331,1152,1334,1147,
0,0,0,0,0,0,0,0,1419,1367,1316,904,1384,1112,1447,1246,
0,0,0,0,0,0,0,0,1484,1492,1349,1009,1403,1203,1450,1292,
0,0,0,0,0,0,0,0,1430,1598,1263,1055,1397,1310,1522,1538,
0,0,0,0,0,0,0,0,1420,1580,1255,1019,1408,1290,1551,1558,
0,0,0,0,0,0,0,0,1508,1673,1324,1075,1472,1346,1611,1604,
0,0,0,0,0,0,0,0,1528,1716,1356,1141,1511,1426,1656,1689,
0,0,0,0,0,0,0,0,1557,1698,1402,1146,1536,1420,1658,1644,
0,0,0,0,0,0,0,0,1531,1719,1376,1201,1505,1469,1620,1665,
0,0,0,0,0,0,0,0,1455,1644,1294,1094,1451,1373,1599,1646,
0,0,0,0,0,0,0,0,1527,1663,1403,1148,1558,1444,1699,1709,
0,0,0,0,0,0,0,0,1538,1676,1339,1038,1481,1302,1619,1571,
0,0,0,0,0,0,0,0,1499,1663,1345,1111,1498,1396,1640,1657,
0,0,0,0,0,0,0,0,1601,1701,1434,1099,1573,1377,1704,1631,
0,0,0,0,0,0,0,0,1527,1726,1361,1114,1565,1445,1753,1801,
0,0,0,0,0,0,0,0,1560,1633,1411,1044,1557,1328,1694,1600,
0,0,0,0,0,0,0,0,1478,1672,1312,1081,1500,1392,1676,1722,
0,0,0,0,0,0,0,0,1542,1706,1351,1076,1513,1360,1666,1655,
0,0,0,0,0,0,0,0,1534,1698,1380,1143,1535,1434,1678,1698,
0,0,0,0,0,0,0,0,1636,1856,1432,1259,1558,1523,1677,1725,
